1.00000000000000000000 0.00006503883923869580
0.98799997568130493100 -0.00000878267383086495
0.97600001096725463800 -0.00011037619697162881
0.96399998664855957000 -0.00021273190213833004
0.95200002193450927700 -0.00031267051235772669
0.93999999761581420900 -0.00041481578955426812
0.92799997329711914000 -0.00051675440045073628
0.91600000858306884800 -0.00060582289006561041
0.90399998426437377900 -0.00070838682586327195
0.89200001955032348600 -0.00080875359708443284
0.87999999523162841800 -0.00089888821821659803
0.86799997091293334900 -0.00098408851772546768
0.85600000619888305600 -0.00108000996988266706
0.84399998188018798800 -0.00116318801883608103
0.83200001716613769500 -0.00124756502918899059
0.81999999284744262700 -0.00133712403476238251
0.80800002813339233400 -0.00141393602825701237
0.79600000381469726600 -0.00148953997995704413
0.78399997949600219700 -0.00157484901137650013
0.77200001478195190400 -0.00164564803708344698
0.75999999046325683600 -0.00172092497814446688
0.74800002574920654300 -0.00180613796692341566
0.73600000143051147400 -0.00186643505003303289
0.72399997711181640600 -0.00193482602480798960
0.71200001239776611300 -0.00199434999376535416
0.69999998807907104500 -0.00204383092932403088
0.68800002336502075200 -0.00211106706410646439
0.67599999904632568300 -0.00215400289744138718
0.66399997472763061500 -0.00219682906754314900
0.65200001001358032200 -0.00225100293755531311
0.63999998569488525400 -0.00229452899657189846
0.62800002098083496100 -0.00233040493912994862
0.61599999666213989200 -0.00235642190091311932
0.60399997234344482400 -0.00240364810451865196
0.59200000762939453100 -0.00243311095982789993
0.57999998331069946300 -0.00245198397897183895
0.56800001859664917000 -0.00250273803249001503
0.55599999427795410100 -0.00250745401717722416
0.54400002956390380800 -0.00251551298424601555
0.53200000524520874000 -0.00254114903509616852
0.51999998092651367200 -0.00256144301965832710
0.50800001621246337900 -0.00256435596384108067
0.49599999189376831000 -0.00258569093421101570
0.48399999737739563000 -0.00260563404299318791
0.47200000286102294900 -0.00261153397150337696
0.46000000834465026800 -0.00263906107284128666
0.44800001382827758800 -0.00267113000154495239
0.43599998950958251900 -0.00268494710326194763
0.42399999499320983900 -0.00270971097052097321
0.41200000047683715800 -0.00273132394067943096
0.40000000596046447700 -0.00272233108989894390
0.38800001144409179700 -0.00273494608700275421
0.37599998712539672800 -0.00276069599203765392
0.36399999260902404800 -0.00275955791585147381
0.35199999809265136700 -0.00276537099853157997
0.34000000357627868600 -0.00279386993497610092
0.32800000905990600600 -0.00279426504857838154
0.31600001454353332500 -0.00280394498258829117
0.30399999022483825700 -0.00283605000004172325
0.29199999570846557600 -0.00283018103800714016
0.28000000119209289500 -0.00282432907260954380
0.26800000667572021500 -0.00287167308852076531
0.25600001215934753400 -0.00286341900937259197
0.24400000274181366000 -0.00288126291707158089
0.23199999332427978500 -0.00288695096969604492
0.21999999880790710400 -0.00287083000876009464
0.20800000429153442400 -0.00290383491665124893
0.19599999487400054900 -0.00288879103027284145
0.18400000035762786900 -0.00287105701863765717
0.17200000584125518800 -0.00289886491373181343
0.15999999642372131300 -0.00288754701614379883
0.14800000190734863300 -0.00288937101140618324
0.13600000739097595200 -0.00289393193088471890
0.12399999797344207800 -0.00294020306318998337
0.11200000345706939700 -0.00293831806629896164
0.10000000149011611900 -0.00294394791126251221
0.08799999952316284180 -0.00296833110041916370
0.07599999755620956420 -0.00295207789167761803
0.06400000303983688360 -0.00294706108979880810
0.05200000107288360600 -0.00295419502072036266
0.03999999910593032840 -0.00295997411012649536
0.02800000086426734920 -0.00296081602573394776
0.01600000075995922090 -0.00296485004946589470
0.00400000018998980522 -0.00297245499677956104
-0.00800000037997961045 -0.00296943890862166882
-0.01999999955296516420 -0.00297950906679034233
-0.03200000151991844180 -0.00298153609037399292
-0.04399999976158142090 -0.00298594310879707337
-0.05600000172853469850 -0.00299946195445954800
-0.06800000369548797610 -0.00301675801165401936
-0.07999999821186065670 -0.00297908810898661614
-0.09200000017881393430 -0.00300383497960865498
-0.10400000214576721200 -0.00303569994866847992
-0.11599999666213989300 -0.00300975097343325615
-0.12800000607967376700 -0.00301679898984730244
-0.14000000059604644800 -0.00302573200315237045
-0.15199999511241912800 -0.00300147989764809609
-0.16400000452995300300 -0.00300198397599160671
-0.17599999904632568400 -0.00301231490448117256
-0.18799999356269836400 -0.00299157691188156605
-0.20000000298023223900 -0.00299339508637785912
