1.00000000000000000000 0.00065181771060451865
0.98799997568130493100 0.00051963009173050523
0.97600001096725463800 0.00039142378955148160
0.96399998664855957000 0.00026546278968453407
0.95200002193450927700 0.00014478189405053854
0.93999999761581420900 0.00002491119084879756
0.92799997329711914000 -0.00009606911044102162
0.91600000858306884800 -0.00021078469580970705
0.90399998426437377900 -0.00032414851011708379
0.89200001955032348600 -0.00043793118675239384
0.87999999523162841800 -0.00054651679238304496
0.86799997091293334900 -0.00065446592634543777
0.85600000619888305600 -0.00076260772766545415
0.84399998188018798800 -0.00086695281788706780
0.83200001716613769500 -0.00097077037207782269
0.81999999284744262700 -0.00107406894676387310
0.80800002813339233400 -0.00117141101509332657
0.79600000381469726600 -0.00127558095846325159
0.78399997949600219700 -0.00137041998095810413
0.77200001478195190400 -0.00145826104562729597
0.75999999046325683600 -0.00156357896048575640
0.74800002574920654300 -0.00164761499036103487
0.73600000143051147400 -0.00172745098825544119
0.72399997711181640600 -0.00181785202585160732
0.71200001239776611300 -0.00189312105067074299
0.69999998807907104500 -0.00196371204219758511
0.68800002336502075200 -0.00203729793429374695
0.67599999904632568300 -0.00211514392867684364
0.66399997472763061500 -0.00217372807674109936
0.65200001001358032200 -0.00223574601113796234
0.63999998569488525400 -0.00231898506172001362
0.62800002098083496100 -0.00236270809546113014
0.61599999666213989200 -0.00242762709967792034
0.60399997234344482400 -0.00249203806743025780
0.59200000762939453100 -0.00253361393697559834
0.57999998331069946300 -0.00256827403791248798
0.56800001859664917000 -0.00261359498836100102
0.55599999427795410100 -0.00265797111205756664
0.54400002956390380800 -0.00268696108832955360
0.53200000524520874000 -0.00271805608645081520
0.51999998092651367200 -0.00275945011526346207
0.50800001621246337900 -0.00278055900707840920
0.49599999189376831000 -0.00281338393688201904
0.48399999737739563000 -0.00284149590879678726
0.47200000286102294900 -0.00284264888614416123
0.46000000834465026800 -0.00288936193101108074
0.44800001382827758800 -0.00290623400360345841
0.43599998950958251900 -0.00291253789328038693
0.42399999499320983900 -0.00292292609810829163
0.41200000047683715800 -0.00294767599552869797
0.40000000596046447700 -0.00293516600504517555
0.38800001144409179700 -0.00294011901132762432
0.37599998712539672800 -0.00296427006833255291
0.36399999260902404800 -0.00295091792941093445
0.35199999809265136700 -0.00295961601659655571
0.34000000357627868600 -0.00298653589561581612
0.32800000905990600600 -0.00297273998148739338
0.31600001454353332500 -0.00300435489043593407
0.30399999022483825700 -0.00304336496628820896
0.29199999570846557600 -0.00303305708803236485
0.28000000119209289500 -0.00305083603598177433
0.26800000667572021500 -0.00304973497986793518
0.25600001215934753400 -0.00304042408242821694
0.24400000274181366000 -0.00307856197468936443
0.23199999332427978500 -0.00304835895076394081
0.21999999880790710400 -0.00304960901848971844
0.20800000429153442400 -0.00307274097576737404
0.19599999487400054900 -0.00307231699116528034
0.18400000035762786900 -0.00306770508177578449
0.17200000584125518800 -0.00305140810087323189
0.15999999642372131300 -0.00310203502885997295
0.14800000190734863300 -0.00308999093249440193
0.13600000739097595200 -0.00308497506193816662
0.12399999797344207800 -0.00309598306193947792
0.11200000345706939700 -0.00308819394558668137
0.10000000149011611900 -0.00306182005442678928
0.08799999952316284180 -0.00306965410709381104
0.07599999755620956420 -0.00307489908300340176
0.06400000303983688360 -0.00305333198048174381
0.05200000107288360600 -0.00306122796609997749
0.03999999910593032840 -0.00307447789236903191
0.02800000086426734920 -0.00306313298642635346
0.01600000075995922090 -0.00307485996745526791
0.00400000018998980522 -0.00310798198916018009
-0.00800000037997961045 -0.00307123805396258831
-0.01999999955296516420 -0.00306922406889498234
-0.03200000151991844180 -0.00311056501232087612
-0.04399999976158142090 -0.00311767589300870896
-0.05600000172853469850 -0.00311587797477841377
-0.06800000369548797610 -0.00311062810942530632
-0.07999999821186065670 -0.00310178403742611408
-0.09200000017881393430 -0.00310423597693443298
-0.10400000214576721200 -0.00310539896599948406
-0.11599999666213989300 -0.00309733604080975056
-0.12800000607967376700 -0.00310296798124909401
-0.14000000059604644800 -0.00312355998903512955
-0.15199999511241912800 -0.00311596202664077282
-0.16400000452995300300 -0.00310484995134174824
-0.17599999904632568400 -0.00312662799842655659
-0.18799999356269836400 -0.00312686199322342873
-0.20000000298023223900 -0.00313120102509856224
