1.00000000000000000000 0.00072765012737363577
0.98799997568130493100 0.00060750951524823904
0.97600001096725463800 0.00050122791435569525
0.96399998664855957000 0.00039955071406438947
0.95200002193450927700 0.00030011151102371514
0.93999999761581420900 0.00020569110347423702
0.92799997329711914000 0.00011096610251115635
0.91600000858306884800 0.00001720781074254774
0.90399998426437377900 -0.00007354804984061047
0.89200001955032348600 -0.00016553090244997293
0.87999999523162841800 -0.00025696749798953533
0.86799997091293334900 -0.00034544090158306062
0.85600000619888305600 -0.00043527019442990422
0.84399998188018798800 -0.00052137201419100165
0.83200001716613769500 -0.00060470600146800280
0.81999999284744262700 -0.00069276662543416023
0.80800002813339233400 -0.00077506847446784377
0.79600000381469726600 -0.00085526960901916027
0.78399997949600219700 -0.00094034598441794515
0.77200001478195190400 -0.00102138903457671404
0.75999999046325683600 -0.00110055401455610991
0.74800002574920654300 -0.00118027697317302227
0.73600000143051147400 -0.00126213498879224062
0.72399997711181640600 -0.00133799994364380837
0.71200001239776611300 -0.00141374394297599793
0.69999998807907104500 -0.00149127002805471420
0.68800002336502075200 -0.00156270002480596304
0.67599999904632568300 -0.00163165794219821692
0.66399997472763061500 -0.00170374999288469553
0.65200001001358032200 -0.00177327194251120091
0.63999998569488525400 -0.00183751096483319998
0.62800002098083496100 -0.00190493103582412005
0.61599999666213989200 -0.00197191094048321247
0.60399997234344482400 -0.00202942290343344212
0.59200000762939453100 -0.00209572794847190380
0.57999998331069946300 -0.00216128490865230560
0.56800001859664917000 -0.00221885298378765583
0.55599999427795410100 -0.00228400388732552528
0.54400002956390380800 -0.00234179198741912842
0.53200000524520874000 -0.00238761398941278458
0.51999998092651367200 -0.00243580597452819347
0.50800001621246337900 -0.00249157892540097237
0.49599999189376831000 -0.00252801808528602123
0.48399999737739563000 -0.00257463310845196247
0.47200000286102294900 -0.00262234709225594997
0.46000000834465026800 -0.00265654292888939381
0.44800001382827758800 -0.00269822101108729839
0.43599998950958251900 -0.00274189398624002934
0.42399999499320983900 -0.00275250803679227829
0.41200000047683715800 -0.00280722696334123612
0.40000000596046447700 -0.00283977505750954151
0.38800001144409179700 -0.00285230507142841816
0.37599998712539672800 -0.00289456988684833050
0.36399999260902404800 -0.00290680397301912308
0.35199999809265136700 -0.00290686893276870251
0.34000000357627868600 -0.00295341596938669682
0.32800000905990600600 -0.00295127695426344872
0.31600001454353332500 -0.00294999801553785801
0.30399999022483825700 -0.00297900498844683170
0.29199999570846557600 -0.00299142394214868546
0.28000000119209289500 -0.00299385702237486839
0.26800000667572021500 -0.00301504810340702534
0.25600001215934753400 -0.00308300601318478584
0.24400000274181366000 -0.00305216992273926735
0.23199999332427978500 -0.00306097511202096939
0.21999999880790710400 -0.00309039396233856678
0.20800000429153442400 -0.00307435006834566593
0.19599999487400054900 -0.00306740892119705677
0.18400000035762786900 -0.00308611802756786347
0.17200000584125518800 -0.00309115601703524590
0.15999999642372131300 -0.00309284892864525318
0.14800000190734863300 -0.00311941211111843586
0.13600000739097595200 -0.00311276596039533615
0.12399999797344207800 -0.00310321990400552750
0.11200000345706939700 -0.00314104300923645496
0.10000000149011611900 -0.00314914900809526444
0.08799999952316284180 -0.00312787806615233421
0.07599999755620956420 -0.00313257589004933834
0.06400000303983688360 -0.00314279901795089245
0.05200000107288360600 -0.00311581511050462723
0.03999999910593032840 -0.00312218395993113518
0.02800000086426734920 -0.00313386693596839905
0.01600000075995922090 -0.00312301004305481911
0.00400000018998980522 -0.00312330597080290318
-0.00800000037997961045 -0.00314701092429459095
-0.01999999955296516420 -0.00313295703381299973
-0.03200000151991844180 -0.00313185807317495346
-0.04399999976158142090 -0.00315179489552974701
-0.05600000172853469850 -0.00314862001687288284
-0.06800000369548797610 -0.00316836708225309849
-0.07999999821186065670 -0.00319427391514182091
-0.09200000017881393430 -0.00318578607402741909
-0.10400000214576721200 -0.00318978610448539257
-0.11599999666213989300 -0.00319780688732862473
-0.12800000607967376700 -0.00318608293309807778
-0.14000000059604644800 -0.00321668805554509163
-0.15199999511241912800 -0.00319446506910026074
-0.16400000452995300300 -0.00319780688732862473
-0.17599999904632568400 -0.00324640306644141674
-0.18799999356269836400 -0.00322134490124881268
-0.20000000298023223900 -0.00319677102379500866
