1.00000000000000000000 0.00061213551089167595
0.98799997568130493100 0.00051167950732633472
0.97600001096725463800 0.00042053661309182644
0.96399998664855957000 0.00033354200422763824
0.95200002193450927700 0.00024738529464229941
0.93999999761581420900 0.00016640669491607696
0.92799997329711914000 0.00008590506331529468
0.91600000858306884800 0.00000505918205817579
0.90399998426437377900 -0.00007363320037256926
0.89200001955032348600 -0.00015139470633585006
0.87999999523162841800 -0.00022873289708513767
0.86799997091293334900 -0.00030729870195500553
0.85600000619888305600 -0.00038167368620634079
0.84399998188018798800 -0.00045811990275979042
0.83200001716613769500 -0.00053783517796546221
0.81999999284744262700 -0.00060763902729377151
0.80800002813339233400 -0.00068091851426288486
0.79600000381469726600 -0.00075943797128275037
0.78399997949600219700 -0.00083004607586190105
0.77200001478195190400 -0.00090120447566732764
0.75999999046325683600 -0.00097352848388254643
0.74800002574920654300 -0.00104364799335598946
0.73600000143051147400 -0.00111198297236114740
0.72399997711181640600 -0.00118121597915887833
0.71200001239776611300 -0.00124996097292751074
0.69999998807907104500 -0.00131587497889995575
0.68800002336502075200 -0.00138396094553172588
0.67599999904632568300 -0.00145306403283029795
0.66399997472763061500 -0.00151518301572650671
0.65200001001358032200 -0.00158642604947090149
0.63999998569488525400 -0.00165571202524006367
0.62800002098083496100 -0.00171385204885154963
0.61599999666213989200 -0.00177777605131268501
0.60399997234344482400 -0.00184095196891576052
0.59200000762939453100 -0.00189639301970601082
0.57999998331069946300 -0.00195654504932463169
0.56800001859664917000 -0.00201857299543917179
0.55599999427795410100 -0.00206976709887385368
0.54400002956390380800 -0.00212686997838318348
0.53200000524520874000 -0.00218770001083612442
0.51999998092651367200 -0.00223512295633554459
0.50800001621246337900 -0.00228254892863333225
0.49599999189376831000 -0.00234425207599997521
0.48399999737739563000 -0.00238699000328779221
0.47200000286102294900 -0.00244465097784996033
0.46000000834465026800 -0.00248307990841567516
0.44800001382827758800 -0.00251581007614731789
0.43599998950958251900 -0.00256524304859340191
0.42399999499320983900 -0.00259823608212172985
0.41200000047683715800 -0.00262561696581542492
0.40000000596046447700 -0.00266105495393276215
0.38800001144409179700 -0.00270088808611035347
0.37599998712539672800 -0.00272255600430071354
0.36399999260902404800 -0.00274979299865663052
0.35199999809265136700 -0.00281652598641812801
0.34000000357627868600 -0.00282718404196202755
0.32800000905990600600 -0.00284878001548349857
0.31600001454353332500 -0.00289218011312186718
0.30399999022483825700 -0.00289929192513227463
0.29199999570846557600 -0.00290282489731907845
0.28000000119209289500 -0.00293265096843242645
0.26800000667572021500 -0.00294951302930712700
0.25600001215934753400 -0.00295040500350296497
0.24400000274181366000 -0.00297678005881607533
0.23199999332427978500 -0.00299438694491982460
0.21999999880790710400 -0.00299968197941780090
0.20800000429153442400 -0.00302289589308202267
0.19599999487400054900 -0.00303820194676518440
0.18400000035762786900 -0.00302334106527268887
0.17200000584125518800 -0.00306152389384806156
0.15999999642372131300 -0.00307801598682999611
0.14800000190734863300 -0.00305955507792532444
0.13600000739097595200 -0.00306440307758748531
0.12399999797344207800 -0.00308436201885342598
0.11200000345706939700 -0.00306620402261614800
0.10000000149011611900 -0.00306626502424478531
0.08799999952316284180 -0.00308929197490215302
0.07599999755620956420 -0.00307443505153059960
0.06400000303983688360 -0.00307200103998184204
0.05200000107288360600 -0.00309750507585704327
0.03999999910593032840 -0.00308804400265216828
0.02800000086426734920 -0.00310859596356749535
0.01600000075995922090 -0.00315001700073480606
0.00400000018998980522 -0.00312984595075249672
-0.00800000037997961045 -0.00311585492454469204
-0.01999999955296516420 -0.00314679997973144054
-0.03200000151991844180 -0.00314684188924729824
-0.04399999976158142090 -0.00314923399128019810
-0.05600000172853469850 -0.00316538196057081223
-0.06800000369548797610 -0.00314225000329315662
-0.07999999821186065670 -0.00316390092484652996
-0.09200000017881393430 -0.00316205993294715881
-0.10400000214576721200 -0.00314584700390696526
-0.11599999666213989300 -0.00319810188375413418
-0.12800000607967376700 -0.00318223098292946816
-0.14000000059604644800 -0.00314610102213919163
-0.15199999511241912800 -0.00316887488588690758
-0.16400000452995300300 -0.00320256990380585194
-0.17599999904632568400 -0.00317988102324306965
-0.18799999356269836400 -0.00317160505801439285
-0.20000000298023223900 -0.00321376603096723557
