1.00000000000000000000 0.00006660090730292723
0.98799997568130493100 -0.00000861314492794918
0.97600001096725463800 -0.00013590170419774950
0.96399998664855957000 -0.00026179669657722116
0.95200002193450927700 -0.00039099171408452094
0.93999999761581420900 -0.00051382667152211070
0.92799997329711914000 -0.00064319709781557322
0.91600000858306884800 -0.00076441757846623659
0.90399998426437377900 -0.00087799422908574343
0.89200001955032348600 -0.00100564805325120688
0.87999999523162841800 -0.00111603399273008108
0.86799997091293334900 -0.00122261501383036375
0.85600000619888305600 -0.00132841803133487701
0.84399998188018798800 -0.00143884099088609219
0.83200001716613769500 -0.00153402099385857582
0.81999999284744262700 -0.00162871403153985739
0.80800002813339233400 -0.00173599505797028542
0.79600000381469726600 -0.00181518495082855225
0.78399997949600219700 -0.00189682003110647202
0.77200001478195190400 -0.00198717694729566574
0.75999999046325683600 -0.00207052798941731453
0.74800002574920654300 -0.00214624288491904736
0.73600000143051147400 -0.00221907999366521835
0.72399997711181640600 -0.00228708307258784771
0.71200001239776611300 -0.00233927299268543720
0.69999998807907104500 -0.00239160005003213883
0.68800002336502075200 -0.00245065498165786266
0.67599999904632568300 -0.00248927692882716656
0.66399997472763061500 -0.00252582505345344544
0.65200001001358032200 -0.00257360003888607025
0.63999998569488525400 -0.00260070106014609337
0.62800002098083496100 -0.00263501401059329510
0.61599999666213989200 -0.00267882808111608028
0.60399997234344482400 -0.00267394795082509518
0.59200000762939453100 -0.00270858593285083771
0.57999998331069946300 -0.00274753104895353317
0.56800001859664917000 -0.00275877304375171661
0.55599999427795410100 -0.00276719592511653900
0.54400002956390380800 -0.00278949597850441933
0.53200000524520874000 -0.00278496602550148964
0.51999998092651367200 -0.00279371510259807110
0.50800001621246337900 -0.00280936807394027710
0.49599999189376831000 -0.00281030801124870777
0.48399999737739563000 -0.00283332611434161663
0.47200000286102294900 -0.00283246906474232674
0.46000000834465026800 -0.00283809704706072807
0.44800001382827758800 -0.00287351291626691818
0.43599998950958251900 -0.00286665488965809345
0.42399999499320983900 -0.00289196497760713101
0.41200000047683715800 -0.00291295489296317101
0.40000000596046447700 -0.00290496088564395905
0.38800001144409179700 -0.00290526403114199638
0.37599998712539672800 -0.00289839995093643665
0.36399999260902404800 -0.00293332291767001152
0.35199999809265136700 -0.00291075999848544598
0.34000000357627868600 -0.00291112205013632774
0.32800000905990600600 -0.00294020096771419048
0.31600001454353332500 -0.00293355691246688366
0.30399999022483825700 -0.00294391694478690624
0.29199999570846557600 -0.00294530298560857773
0.28000000119209289500 -0.00292999902740120888
0.26800000667572021500 -0.00295683904550969601
0.25600001215934753400 -0.00296482210978865624
0.24400000274181366000 -0.00297104008495807648
0.23199999332427978500 -0.00296253408305346966
0.21999999880790710400 -0.00295995199121534824
0.20800000429153442400 -0.00296084093861281872
0.19599999487400054900 -0.00295095797628164291
0.18400000035762786900 -0.00294051901437342167
0.17200000584125518800 -0.00295558897778391838
0.15999999642372131300 -0.00294216698966920376
0.14800000190734863300 -0.00294367200694978237
0.13600000739097595200 -0.00295866210944950581
0.12399999797344207800 -0.00296693597920238972
0.11200000345706939700 -0.00299007096327841282
0.10000000149011611900 -0.00299335899762809277
0.08799999952316284180 -0.00298331794328987598
0.07599999755620956420 -0.00297963595949113369
0.06400000303983688360 -0.00298485602252185345
0.05200000107288360600 -0.00297974306158721447
0.03999999910593032840 -0.00298886606469750404
0.02800000086426734920 -0.00298848492093384266
0.01600000075995922090 -0.00298473099246621132
0.00400000018998980522 -0.00301788002252578735
-0.00800000037997961045 -0.00299904495477676392
-0.01999999955296516420 -0.00297804898582398892
-0.03200000151991844180 -0.00299197202548384667
-0.04399999976158142090 -0.00300778192467987537
-0.05600000172853469850 -0.00299445097334682942
-0.06800000369548797610 -0.00303405104205012322
-0.07999999821186065670 -0.00300137000158429146
-0.09200000017881393430 -0.00300372205674648285
-0.10400000214576721200 -0.00305166188627481461
-0.11599999666213989300 -0.00302704609930515289
-0.12800000607967376700 -0.00300682103261351586
-0.14000000059604644800 -0.00300091388635337353
-0.15199999511241912800 -0.00302953901700675488
-0.16400000452995300300 -0.00298651307821273804
-0.17599999904632568400 -0.00298367510549724102
-0.18799999356269836400 -0.00301642110571265221
-0.20000000298023223900 -0.00298359501175582409
