1.00000000000000000000 0.00077668327139690518
0.98799997568130493100 0.00065395171986892819
0.97600001096725463800 0.00054558028932660818
0.96399998664855957000 0.00044451138819567859
0.95200002193450927700 0.00034965851227752864
0.93999999761581420900 0.00025626199203543365
0.92799997329711914000 0.00016616180073469877
0.91600000858306884800 0.00007908922270871699
0.90399998426437377900 -0.00000442234704678413
0.89200001955032348600 -0.00009416483953827992
0.87999999523162841800 -0.00017721760377753526
0.86799997091293334900 -0.00026374388835392892
0.85600000619888305600 -0.00034581730142235756
0.84399998188018798800 -0.00042662888881750405
0.83200001716613769500 -0.00050700467545539141
0.81999999284744262700 -0.00059016031445935369
0.80800002813339233400 -0.00067060947185382247
0.79600000381469726600 -0.00074847141513600946
0.78399997949600219700 -0.00083131587598472834
0.77200001478195190400 -0.00090495368931442499
0.75999999046325683600 -0.00097943865694105625
0.74800002574920654300 -0.00106080598197877407
0.73600000143051147400 -0.00113152700942009687
0.72399997711181640600 -0.00120312697254121304
0.71200001239776611300 -0.00127739098388701677
0.69999998807907104500 -0.00135290005709975958
0.68800002336502075200 -0.00142090197186917067
0.67599999904632568300 -0.00149922596756368876
0.66399997472763061500 -0.00157276401296257973
0.65200001001358032200 -0.00163867499213665724
0.63999998569488525400 -0.00170450401492416859
0.62800002098083496100 -0.00177381501998752356
0.61599999666213989200 -0.00183449895121157169
0.60399997234344482400 -0.00189694296568632126
0.59200000762939453100 -0.00196179398335516453
0.57999998331069946300 -0.00201726099476218224
0.56800001859664917000 -0.00207687704823911190
0.55599999427795410100 -0.00213698600418865681
0.54400002956390380800 -0.00219293404370546341
0.53200000524520874000 -0.00223806197755038738
0.51999998092651367200 -0.00229554506950080395
0.50800001621246337900 -0.00235025188885629177
0.49599999189376831000 -0.00239659892395138741
0.48399999737739563000 -0.00244091195054352284
0.47200000286102294900 -0.00247724610380828381
0.46000000834465026800 -0.00251703709363937378
0.44800001382827758800 -0.00255703111179172993
0.43599998950958251900 -0.00258495192974805832
0.42399999499320983900 -0.00262859789654612541
0.41200000047683715800 -0.00265786703675985336
0.40000000596046447700 -0.00268653803505003452
0.38800001144409179700 -0.00273911096155643463
0.37599998712539672800 -0.00274929590523242951
0.36399999260902404800 -0.00278537999838590622
0.35199999809265136700 -0.00283537292852997780
0.34000000357627868600 -0.00285279005765914917
0.32800000905990600600 -0.00286269909702241421
0.31600001454353332500 -0.00288055907003581524
0.30399999022483825700 -0.00291922991164028645
0.29199999570846557600 -0.00291474303230643272
0.28000000119209289500 -0.00293133594095706940
0.26800000667572021500 -0.00297813396900892258
0.25600001215934753400 -0.00295851007103919983
0.24400000274181366000 -0.00297078606672585011
0.23199999332427978500 -0.00300927506759762764
0.21999999880790710400 -0.00301851611584424973
0.20800000429153442400 -0.00299518904648721218
0.19599999487400054900 -0.00302215805277228356
0.18400000035762786900 -0.00305845402181148529
0.17200000584125518800 -0.00305595993995666504
0.15999999642372131300 -0.00305671896785497666
0.14800000190734863300 -0.00307022407650947571
0.13600000739097595200 -0.00306444498710334301
0.12399999797344207800 -0.00305547099560499191
0.11200000345706939700 -0.00307564204558730126
0.10000000149011611900 -0.00306723709218204022
0.08799999952316284180 -0.00306986388750374317
0.07599999755620956420 -0.00309185311198234558
0.06400000303983688360 -0.00308709288947284222
0.05200000107288360600 -0.00311012100428342819
0.03999999910593032840 -0.00314222788438200951
0.02800000086426734920 -0.00313454493880271912
0.01600000075995922090 -0.00313642900437116623
0.00400000018998980522 -0.00314828101545572281
-0.00800000037997961045 -0.00314574106596410275
-0.01999999955296516420 -0.00315027101896703243
-0.03200000151991844180 -0.00316542503423988819
-0.04399999976158142090 -0.00315255695022642613
-0.05600000172853469850 -0.00314707495272159577
-0.06800000369548797610 -0.00316989095881581307
-0.07999999821186065670 -0.00315175205469131470
-0.09200000017881393430 -0.00315213296562433243
-0.10400000214576721200 -0.00318218790926039219
-0.11599999666213989300 -0.00317530892789363861
-0.12800000607967376700 -0.00317183788865804672
-0.14000000059604644800 -0.00319886603392660618
-0.15199999511241912800 -0.00319791096262633801
-0.16400000452995300300 -0.00322490092366933823
-0.17599999904632568400 -0.00320248492062091828
-0.18799999356269836400 -0.00318269594572484493
-0.20000000298023223900 -0.00318394508212804794
