1.20000004768371582000 0.00087017181795090437
1.17599999904632568000 0.00076155527494847775
1.15199995040893555000 0.00065529742278158665
1.12800002098083496000 0.00055106647778302431
1.10399997234344482000 0.00044679708662442863
1.08000004291534424000 0.00034317519748583436
1.05599999427795410000 0.00023990300542209297
1.03199994564056396000 0.00013699929695576429
1.00800001621246338000 0.00003608734914450906
0.98400002717971801700 -0.00006656265031779185
0.95999997854232788100 -0.00016807639622129500
0.93599998950958251900 -0.00026683771284297109
0.91200000047683715800 -0.00036749540595337749
0.88800001144409179700 -0.00046689159353263676
0.86400002241134643500 -0.00056358007714152336
0.83999997377395629900 -0.00066184491151943803
0.81599998474121093700 -0.00075965980067849159
0.79199999570846557600 -0.00085402262629941106
0.76800000667572021500 -0.00095058791339397430
0.74400001764297485300 -0.00104843196459114552
0.72000002861022949200 -0.00114019296597689390
0.69599997997283935500 -0.00123129202984273434
0.67199999094009399400 -0.00132681801915168762
0.64800000190734863300 -0.00141664501279592514
0.62400001287460327100 -0.00150476803537458181
0.60000002384185791000 -0.00159435300156474114
0.57599997520446777300 -0.00167203403543680906
0.55199998617172241200 -0.00175756495445966721
0.52799999713897705100 -0.00183593400288373232
0.50400000810623168900 -0.00190905900672078133
0.47999998927116394000 -0.00199045008048415184
0.45600000023841857900 -0.00205706595443189144
0.43200001120567321800 -0.00212200102396309376
0.40799999237060546900 -0.00218909699469804764
0.38400000333786010700 -0.00224736309610307217
0.36000001430511474600 -0.00229370198212563992
0.33599999547004699700 -0.00234838901087641716
0.31200000643730163600 -0.00241124210879206657
0.28799998760223388700 -0.00242449110373854637
0.26399999856948852500 -0.00245264195837080479
0.23999999463558197000 -0.00249323807656764984
0.21600000560283660900 -0.00250420207157731056
0.19200000166893005400 -0.00251716398634016514
0.16799999773502349800 -0.00253275106661021710
0.14399999380111694300 -0.00255692307837307453
0.11999999731779098500 -0.00256433896720409393
0.09600000083446502690 -0.00257583498023450375
0.07199999690055847170 -0.00257391692139208317
0.04800000041723251340 -0.00258195609785616398
0.02400000020861625670 -0.00260447198525071144
0.00000000000000000000 -0.00261083594523370266
-0.02400000020861625670 -0.00259403791278600693
-0.04800000041723251340 -0.00259997393004596233
-0.07199999690055847170 -0.00263277092017233372
-0.09600000083446502690 -0.00262138410471379757
-0.11999999731779098500 -0.00262605096213519573
-0.14399999380111694300 -0.00263292598538100720
-0.16799999773502349800 -0.00261015910655260086
-0.19200000166893005400 -0.00261722807772457600
-0.21600000560283660900 -0.00262976903468370438
-0.23999999463558197000 -0.00261047994717955589
-0.26399999856948852500 -0.00260695209726691246
-0.28799998760223388700 -0.00262889801524579525
-0.31200000643730163600 -0.00262064998969435692
-0.33599999547004699700 -0.00262419506907463074
-0.36000001430511474600 -0.00263492995873093605
-0.38400000333786010700 -0.00263371993787586689
-0.40799999237060546900 -0.00264482898637652397
-0.43200001120567321800 -0.00264976988546550274
-0.45600000023841857900 -0.00264049298129975796
-0.47999998927116394000 -0.00264629209414124489
-0.50400000810623168900 -0.00264506507664918900
-0.52799999713897705100 -0.00263279909268021584
-0.55199998617172241200 -0.00266621308401226997
-0.57599997520446777300 -0.00265105790458619595
-0.60000002384185791000 -0.00264142407104372978
-0.62400001287460327100 -0.00267831305973231793
-0.64800000190734863300 -0.00266164098866283894
-0.67199999094009399400 -0.00262313010171055794
-0.69599997997283935500 -0.00264266110025346279
-0.72000002861022949200 -0.00268251006491482258
-0.74400001764297485300 -0.00265412591397762299
-0.76800000667572021500 -0.00265475898049771786
-0.79199999570846557600 -0.00268780789338052273
-0.81599998474121093700 -0.00264652911573648453
-0.83999997377395629900 -0.00264241592958569527
-0.86400002241134643500 -0.00265278690494596958
-0.88800001144409179700 -0.00264415098354220390
-0.91200000047683715800 -0.00263643008656799793
-0.93599998950958251900 -0.00264380592852830887
-0.95999997854232788100 -0.00265150610357522965
-0.98400002717971801700 -0.00264256703667342663
-1.00800001621246338000 -0.00264961901120841503
-1.03199994564056396000 -0.00266652693971991539
-1.05599999427795410000 -0.00266430107876658440
-1.08000004291534424000 -0.00266331597231328487
-1.10399997234344482000 -0.00267694005742669106
-1.12800002098083496000 -0.00266364798881113529
-1.15199995040893555000 -0.00266340095549821854
-1.17599999904632568000 -0.00267646997235715389
-1.20000004768371582000 -0.00266586802899837494
